11100001001000101001001111000110
01111111111010101110001011011000
11010011001111111111111111111111
11111111111111111110110110101001
01110110101000110001010101110010
10110101101001111011100011100000
00011011110101000010111011000100
01010011001010100011101110111011
10011101101001001111010000000111
01101011011011001100001100011001
01100101011100000101110100010101
00001000000010011010010001101000
10010000101100000100011010101110
01110111010110111110001100100001
10101101010101001010001100110111
01001110001011110101001011011010
10010101010001011110100100100001
00011100010111011101000011000100
00101000010101000000101011000011
00101001100101100010011001011001
11111101110001111010101011011001
01011110111111110110100110100010
11110000100001100010010011100001
01100010100111001011111111001100
00001010101010001001110101100011
01110000011001011010000111000100
10110010111011101011101011101011
10010100001010010100000111001101
11110011100010100100001010110111
01001000111011101110000111001010
11010101101101100001011010001001
01101110100110110000001111110001
11101010010111001000100111100010
01011101010000110110111001011000
10001111011001110001101111000110
01010110001110000100