01111110111000010010001010010011110001101010101001111111
0111111001111101111100101011100010111110011110010001111110
011111101101001100111111111110111110111110110000001001111110
01111110111110111110111110111101101101011011000100001111110
01111110011101101010001100010101011100100010010001111110
01111110101101011010011110111000111000001001100001111110
01111110000110111101010000101110110001000100110001111110
01111110010100110010101000111011101110110011101001111110
01111110100111011010010011110100000001110011101001111110
01111110011010110110110011000011000110010010001001111110
01111110011001010111000001011101000101010111000001111110
01111110000010000000100110100100011010001010010001111110
01111110100100001011000001000110101011100011100001111110
011111100111011101011011111000011001000011100110001111110
01111110101011010101010010100011001101111010111001111110
01111110010011100010111101010010110110101000000001111110
011111101001010101000101111010010010000111110011001111110
01111110000111000101110111010000110001000100010001111110
01111110001010000101010000001010110000110101010001111110
01111110001010011001011000100110010110011011100001111110
011111101111101011100011110101010110110010001110001111110
011111100101111011111011101101001101000100100100001111110
01111110111100001000011000100100111000010000100001111110
011111100110001010011100101111101110011000111001001111110
011111100000101010101000100111010110001101111101001111110
01111110011100000110010110100001110001001100010001111110
01111110101100101110111010111010111010110000001001111110
01111110100101000010100101000001110011011000101001111110
01111110111100111000101001000010101101111010111001111110
01111110010010001110111011100001110010101100011001111110
01111110110101011011011000010110100010011010011001111110
011111100110111010011011000000111110100011001111001111110
01111110111010100101110010001001111000101100110001111110
01111110010111010100001101101110010110000110110001111110
01111110100011110110011100011011110001101011001001111110
01111110010101100011100001000111010001111110
